00000000 000000
00000001 000000
00000010 000000
00000011 000000
00010000 000011
00010001 000011
00010010 000011
00010011 000011
00100000 000110
00100001 000110
00100010 000110
00100011 000110
00110000 001001
00110001 001001
00110010 001001
00110011 001001
01000000 001100
01000001 001100
01000010 001100
01000011 001100
01010000 001111
01010001 001111
01010010 001111
01010011 001111
01100000 010010
01100001 010010
01100010 010010
01100011 010010
01110000 010101
01110001 010101
01110010 010101
01110011 010101
10000000 011000
10000001 011000
10000010 011000
10000011 011000
10010000 011011
10010001 011011
10010010 011011
10010011 011011
10100000 011110
10100001 011110
10100010 011110
10100011 011110
10110000 100001
10110001 100001
10110010 100001
10110011 100001
11000000 100100
11000001 100100
11000010 100100
11000011 100100
11010000 100111
11010001 100111
11010010 100111
11010011 100111
11100000 101010
11100001 101010
11100010 101010
11100011 101010
11110000 101101
11110001 101101
11110010 101101
11110011 101101
00000100 000000
00000101 000000
00000110 000000
00000111 000000
00010100 000000
00010101 000000
00010110 000000
00010111 000000
00100100 000000
00100101 000000
00100110 000000
00100111 000000
00110100 000011
00110101 000011
00110110 000011
00110111 000011
01000100 000000
01000101 000000
01000110 000000
01000111 000000
01010100 000101
01010101 000101
01010110 000101
01010111 000101
01100100 000110
01100101 000110
01100110 000110
01100111 000110
01110100 000000
01110101 000000
01110110 000000
01110111 000000
10000100 000000
10000101 000000
10000110 000000
10000111 000000
10010100 001001
10010101 001001
10010110 001001
10010111 001001
10100100 001010
10100101 001010
10100110 001010
10100111 001010
10110100 000000
10110101 000000
10110110 000000
10110111 000000
11000100 001100
11000101 001100
11000110 001100
11000111 001100
11010100 000000
11010101 000000
11010110 000000
11010111 000000
11100100 000000
11100101 000000
11100110 000000
11100111 000000
11110100 001111
11110101 001111
11110110 001111
11110111 001111
00001000 001000
00001001 001001
00001010 001010
00001011 001011
00011000 001001
00011001 001000
00011010 001011
00011011 001010
00101000 001010
00101001 001011
00101010 001000
00101011 001001
00111000 001011
00111001 001010
00111010 001001
00111011 001000
01001000 001100
01001001 001101
01001010 001110
01001011 001111
01011000 001101
01011001 001100
01011010 001111
01011011 001110
01101000 001110
01101001 001111
01101010 001100
01101011 001101
01111000 001111
01111001 001110
01111010 001101
01111011 001100
10001000 000000
10001001 000001
10001010 000010
10001011 000011
10011000 000001
10011001 000000
10011010 000011
10011011 000010
10101000 000010
10101001 000011
10101010 000000
10101011 000001
10111000 000011
10111001 000010
10111010 000001
10111011 000000
11001000 000100
11001001 000101
11001010 000110
11001011 000111
11011000 000101
11011001 000100
11011010 000111
11011011 000110
11101000 000110
11101001 000111
11101010 000100
11101011 000101
11111000 000111
11111001 000110
11111010 000101
11111011 000100
00001100 000001
00001101 000001
00001110 000001
00001111 000001
00011100 000010
00011101 000010
00011110 000010
00011111 000010
00101100 000011
00101101 000011
00101110 000011
00101111 000011
00111100 000100
00111101 000100
00111110 000100
00111111 000100
01001100 000101
01001101 000101
01001110 000101
01001111 000101
01011100 000110
01011101 000110
01011110 000110
01011111 000110
01101100 000111
01101101 000111
01101110 000111
01101111 000111
01111100 001000
01111101 001000
01111110 001000
01111111 001000
10001100 001001
10001101 001001
10001110 001001
10001111 001001
10011100 001010
10011101 001010
10011110 001010
10011111 001010
10101100 001011
10101101 001011
10101110 001011
10101111 001011
10111100 001100
10111101 001100
10111110 001100
10111111 001100
11001100 001101
11001101 001101
11001110 001101
11001111 001101
11011100 001110
11011101 001110
11011110 001110
11011111 001110
11101100 001111
11101101 001111
11101110 001111
11101111 001111
11111100 000000
11111101 000000
11111110 000000
11111111 000000
